2700
700
700
600
700
700
700
700
800
700
600
700
700
800
700
700
700
700
700
900
700
800
800
800
800
800
700
800
800
900
800
700
800
800
800
3300
800
900
800
900
800
800
700
800
900
800
700
900
800
900
800
1300
900
900
900
900
900
1600
800
900
900
800
900
700
1000
900
900
900
900
900
1100
1000
800
800
800
900
800
800
1100
1200
1000
1000
900
1100
900
1000
900
1000
1000
1000
800
1100
900
800
800
900
900
1000
900
900
900
900
800
900
800
800
800
1000
1000
900
900
900
900
900
900
1000
900
1000
900
1000
900
2709000
1200
1200
1200
1000
1000
1200
1100
1100
1100
1200
1000
1200
1100
1100
1000
1300
1100
1300
1100
1200
1200
1100
1100
1000
1000
1200
1000
1000
1100
1200
1100
1000
1200
1200
1200
1300
1200
1300
1000
1100
1000
1200
900
1100
1000
1100
900
1000
900
1000
1000
1000
1000
1100
2800
1100
5200
1000
1000
1000
1100
1200
1100
1200
1100
1100
1000
1200
1000
1000
1100
1000
1000
1100
1100
1100
1100
1100
1100
900
1000
1100
1100
1200
1200
1100
1000
1200
1000
1400
1100
1000
1100
1200
1100
1100
1100
1100
1100
1300
1200
3300
1200
1300
1800
1200
1300
1200
1100
1100
1200
1300
1100
1200
1200
1100
1100
1200
1200
1100
1200
1200
1300
1200
1200
1200
2000
1300
1200
1100
1200
1200
1100
1200
1100
1200
1200
1200
1000
1100
1000
1200
1100
1100
1200
1300
1200
1300
1300
1300
1300
700
400
400
400
400
400
400
1100
800
400
400
500
500
500
500
500
500
400
400
400
400
300
500
400
400
400
400
500
400
400
500
500
400
500
600
500
400
500
500
500
400
400
400
500
400
500
500
500
500
400
500
400
400
400
1100
400
500
400
400
400
500
400
400
500
400
400
400
400
400
400
400
500
500
400
700
800
500
300
400
500
500
400
500
400
500
400
400
500
400
400
700
400
600
400
400
400
400
300
500
300
400
300
300
300
400
400
600
500
400
400
400
500
400
500
500
500
400
400
500
400
400
400
400
300
500
400
400
400
400
400
300
400
300
400
300
300
300
300
300
300
400
400
300
300
400
300
300
300
400
300
300
300
300
300
400
300
300
400
300
400
400
800
400
500
500
300
400
500
500
400
400
400
400
400
400
500
400
300
400
400
400
300
400
500
400
300
300
400
400
300
400
400
400
300
300
300
400
300
400
400
400
400
400
600
400
400
400
400
400
300
300
300
400
300
400
300
300
300
300
300
400
300
300
400
300
300
400
300
300
300
300
400
300
300
300
400
300
400
700
600
400
400
500
400
400
400
600
400
400
500
400
500
400
500
400
400
400
300
400
300
400
400
400
400
400
400
400
400
400
500
500
500
400
300
400
400
400
400
500
400
400
300
400
300
400
400
300
400
300
400
500
300
400
400
400
4000
400
400
400
300
500
400
400
300
300
400
400
400
400
400
400
300
400
300
400
400
300
300
300
400
400
300
400
300
400
300
400
400
300
300
400
400
400
300
400
400
400
300
400
300
300
500
400
400
600
400
400
400
400
400
400
400
400
400
500
400
400
400
400
400
400
400
400
400
400
400
400
400
400
400
400
400
500
400
400
400
400
400
400
400
400
400
400
400
400
400
500
400
400
400
400
300
1800
400
400
500
400
400
400
400
300
400
400
300
300
400
300
300
400
300
300
300
300
300
400
500
400
400
400
300
600
300
300
400
400
900
400
400
400
300
300
500
500
400
400
400
300
400
400
300
300
1300
300
400
500
400
500
500
400
700
400
400
300
300
300
400
300
300
300
300
400
300
300
400
300
400
300
300
400
400
300
300
300
300
300
400
300
300
400
400
300
400
300
400
300
300
400
400
300
300
300
300
400
300
300
400
300
300
300
300
300
400
400
400
300
400
300
300
300
300
300
300
300
400
300
400
300
300
300
400
400
300
300
300
300
300
300
400
400
300
300
300
300
300
300
400
500
500
500
1100
400
300
400
400
400
300
400
400
400
400
400
800
400
400
400
400
300
700
400
400
400
400
300
400
300
400
300
400
400
400
400
400
400
400
500
400
400
400
400
400
400
400
400
500
1100
500
400
400
300
300
400
500
800
300
400
300
300
300
400
300
400
300
400
300
400
400
300
500
400
400
400
400
600
400
400
300
400
300
300
400
400
400
300
500
400
300
400
400
400
400
400
400
400
300
400
300
300
300
300
400
400
300
300
300
400
400
300
400
300
400
300
300
300
300
400
400
300
300
400
400
300
300
1000
400
400
300
400
400
300
300
300
400
400
300
400
300
400
300
300
500
300
300
400
300
300
400
300
400
400
300
300
400
400
300
400
300
300
300
300
400
300
300
400
500
300
300
300
400
400
300
400
400
400
400
300
400
300
300
300
400
300
400
400
400
400
400
400
